par
X = 0.0754267296703003
Y = -0.583872226085167
Z = 0.0768376994553757
