par
p1 = 1
p2 = 2
p3 = 3
torque_alpha = -3.29368163664327
torque_beta = 9.35609420663263
torque_gamma = 10.6382339441306
