par
R = 5
force_x = 2.31863380996206
force_y = 4.51514405904792
force_z = 9.81000000086544
