par
R = 5
force_x = -1.77853126896611
force_y = -4.75387644704036
force_z = 9.80999900698576
