par
l_body = 0.5
w_body = 0.3
hi1 = 37458
hi2 = -24.1999999999989
p1 = 0.2
p2 = 0.3
p3 = 0.4
j_1_2 = 19.0508390209182
j_2_3 = 44.0001024531478
FR_alpha = 11.0036519272249
FR_beta = -111.650596638104
FR_gamma = 37.6412130046074
FL_alpha = 0.369822383159773
FL_beta = -40.8614410921461
FL_gamma = 150.463703501
ML_alpha = 29.0229932729578
ML_beta = -40.5252487935937
ML_gamma = 136.58925240186
MR_alpha = -3.84173268604666
MR_beta = -94.6523461512863
MR_gamma = 44.8176411814346
RL_alpha = -67.6259532561002
RL_beta = -37.1071097899426
RL_gamma = 85.8062441264567
RR_alpha = 14.0746864821191
RR_beta = -40.7454446498093
RR_gamma = 50.033870469687
FL_alpha_target = 1.6502455087175
FL_beta_target = 0.0756761066896743
FL_gamma_target = -2.19425348077133
FR_alpha_target = 1.43263235946652
FR_beta_target = 0.311501499193807
FR_gamma_target = -2.06392696771381
ML_alpha_target = 1.72605294812357
ML_beta_target = 0.13005916106743
ML_gamma_target = -2.18796525926624
MR_alpha_target = 1.36899007772919
MR_beta_target = 0.327885252992068
MR_gamma_target = -2.10798060056948
RL_alpha_target = 1.56422895253772
RL_beta_target = 0.0763161651000541
RL_gamma_target = -2.10275503578271
RR_alpha_target = 1.48337522048573
RR_beta_target = 0.205038725870662
RR_gamma_target = -2.07032525014584
j_1_2_target = -0.0782308623521399
j_2_3_target = -0.15646172470428
