par
l_body = 0.5
w_body = 0.3
hi1 = 57692
hi2 = -301
p1 = 0.2
p2 = 0.3
p3 = 0.4
j_1_2 = 49.6278892012443
j_2_3 = -147.058946198373
FR_alpha = -65.676318667548
FR_beta = -95.593626116549
FR_gamma = 109.622072017293
FL_alpha = 68.4136911238804
FL_beta = -95.8868434719881
FL_gamma = 109.059431658947
ML_alpha = -0.0148552670969787
ML_beta = 6.88193595241884
ML_gamma = -0.79051750565101
MR_alpha = 0.0152081045087241
MR_beta = 6.87299578826747
MR_gamma = -0.761010369460863
RL_alpha = 156.516935644274
RL_beta = -134.962337510011
RL_gamma = 54.8990843517009
RR_alpha = -156.258880818304
RR_beta = -135.933163822126
RR_gamma = 53.0813043493648
FL_alpha_target = 2.08994244104142
FL_beta_target = 0.309488607335538
FL_gamma_target = -2.08836817568078
FR_alpha_target = 1.05165021254837
FR_beta_target = 0.309488607335538
FR_gamma_target = -2.08836817568078
ML_alpha_target = 1.29249666778979
ML_beta_target = 0.352430643648366
ML_gamma_target = -2.22151955573202
MR_alpha_target = 1.84909598580001
MR_beta_target = 0.352430643648366
MR_gamma_target = -2.22151955573202
RL_alpha_target = 1.36456141977166
RL_beta_target = 0.475499416588367
RL_gamma_target = -2.32265457819012
RR_alpha_target = 1.77703123381814
RR_beta_target = 0.475499416588367
RR_gamma_target = -2.32265457819012
j_1_2_target = 0
j_2_3_target = 0.785398163397448
COM_X = 2.01500936208664E-5
COM_Y = 1.3161142928978
COM_Z = 1.74176929135626
